4.680876628675924e-19,
7.283763160219299e-05,
0.00013105289901709668,
0.00016190304292661896,
0.00015810201149901143,
0.0001194647003463736,
5.3169194990523706e-05,
-2.746628599761125e-05,
-0.0001055128408226712,
-0.00016382307862966675,
-0.00018864546961243445,
-0.0001727340971571915,
-0.00011727835957378966,
-3.216893118296814e-05,
6.557618706500206e-05,
0.00015502974672829494,
0.0002156562855689641,
0.0002318543087780192,
0.00019677132378959506,
0.00011449511902922241,
2.5669202427727544e-19,
-0.0001233336507734854,
-0.0002282849233732628,
-0.0002896035754454251,
-0.0002898700205755701,
-0.00022408603214550533,
-0.00010184466638732482,
5.362700365260191e-05,
0.0002096098793997725,
0.0003305540650526697,
0.00038595655057913574,
0.0003577566964512078,
0.00024551091532363926,
6.796623120678556e-05,
-0.0001396378648067664,
-0.00033228197259740845,
-0.00046468699341682587,
-0.0005016834152649547,
-0.0004271093458228682,
-0.000249063171284268,
1.2564109508864853e-18,
0.00026876975009532003,
0.0004973616324154258,
0.0006303881779266677,
0.0006300249840483822,
0.00048605727236384147,
0.00022035445762935802,
-0.00011568945626756499,
-0.00045069828474403594,
-0.0007081700464026254,
-0.0008236250731580238,
-0.0007602683966689265,
-0.000519451812273705,
-0.00014314765726102356,
0.00029271499046610775,
0.0006931784318913295,
0.0009646098409882984,
0.0010361911891297569,
0.0008776938121158712,
0.0005092019547891302,
-6.24825512211582e-18,
-0.0005438642670839034,
-0.0010012621842290465,
-0.001262573496744809,
-0.001255428358171717,
-0.0009636603156657186,
-0.0004346918135378596,
0.0002270914311999391,
0.0008803749195875452,
0.001376652793856377,
0.0015935087824547874,
0.0014640811726237353,
0.0009957589450111215,
0.0002731764681942917,
-0.000556154200731104,
-0.0013113821229384912,
-0.0018172475541214756,
-0.0019441334963049397,
-0.0016402115804021646,
-0.0009479067182128663,
3.1595917243562477e-18,
0.0010049675336391342,
0.0018436507587245854,
0.002316909476611531,
0.002296249419627753,
0.0017570330919208165,
0.0007901714209166144,
-0.0004116048498521605,
-0.0015912712568963848,
-0.002481736750561943,
-0.00286549334720929,
-0.002626538107427239,
-0.0017824091919921062,
-0.00048797020403758094,
0.0009915290293658608,
0.002333803574701376,
0.003228791063334812,
0.0034491346144150995,
0.0029061034632104727,
0.0016775461785479711,
-4.189585736831306e-18,
-0.0017753132525259421,
-0.0032547817230633978,
-0.00408837574407075,
-0.004050791553127318,
-0.0030992950362771486,
-0.0013939658781721874,
0.0007263529706638269,
0.002809567729460742,
0.004385044674833269,
0.005068031333563971,
0.00465101343883099,
0.003160835620128882,
0.0008668212385931301,
-0.0017648160487164707,
-0.004163297244933141,
-0.005774564824734101,
-0.0061862719319762255,
-0.005228891336868451,
-0.0030290068066192626,
5.062772497826011e-18,
0.003231698348906065,
0.005952493910081721,
0.0075150824274272535,
0.0074872934237285105,
0.005763134736261627,
0.0026090463366191708,
-0.0013691453154197084,
-0.005336653765502894,
-0.008398578058425938,
-0.009794199105009782,
-0.009075998314879657,
-0.00623320762774102,
-0.0017289301957894895,
0.003563644658261676,
0.00851973392016759,
0.011989226151651468,
0.01304736608940759,
0.01121812678854479,
0.006620452470248497,
-5.646217238436616e-18,
-0.007369950923663806,
-0.013908921155298501,
-0.018035879043361243,
-0.018506827832248874,
-0.014717709937882009,
-0.0069091302213724675,
0.0037757441452473616,
0.01540342670338312,
0.02552446847063532,
0.031570350428371606,
0.03130769430892559,
0.02327004573155903,
0.0070873092877824905,
-0.016352315063694046,
-0.044945586758028955,
-0.07562495916101677,
-0.10478211071763954,
-0.12879787536439724,
-0.14459169590798424,
1.1500984573597763,
-0.14459169590798424,
-0.12879787536439724,
-0.10478211071763954,
-0.07562495916101677,
-0.044945586758028955,
-0.016352315063694046,
0.0070873092877824905,
0.02327004573155903,
0.03130769430892559,
0.031570350428371606,
0.02552446847063532,
0.01540342670338312,
0.0037757441452473616,
-0.006909130221372468,
-0.014717709937882009,
-0.018506827832248877,
-0.018035879043361243,
-0.013908921155298501,
-0.007369950923663808,
-5.646217238436617e-18,
0.006620452470248497,
0.01121812678854479,
0.01304736608940759,
0.011989226151651468,
0.00851973392016759,
0.003563644658261677,
-0.0017289301957894893,
-0.006233207627741019,
-0.009075998314879657,
-0.009794199105009784,
-0.00839857805842594,
-0.005336653765502895,
-0.0013691453154197088,
0.0026090463366191708,
0.005763134736261628,
0.007487293423728511,
0.007515082427427254,
0.005952493910081721,
0.0032316983489060645,
5.062772497826011e-18,
-0.003029006806619263,
-0.005228891336868452,
-0.006186271931976227,
-0.005774564824734102,
-0.004163297244933141,
-0.0017648160487164712,
0.0008668212385931302,
0.0031608356201288826,
0.00465101343883099,
0.00506803133356397,
0.004385044674833271,
0.0028095677294607416,
0.000726352970663827,
-0.0013939658781721876,
-0.003099295036277149,
-0.004050791553127318,
-0.00408837574407075,
-0.0032547817230634,
-0.001775313252525942,
-4.189585736831306e-18,
0.0016775461785479707,
0.002906103463210474,
0.003449134614415101,
0.0032287910633348135,
0.002333803574701376,
0.0009915290293658608,
-0.0004879702040375813,
-0.001782409191992107,
-0.00262653810742724,
-0.002865493347209289,
-0.0024817367505619433,
-0.001591271256896385,
-0.0004116048498521606,
0.0007901714209166144,
0.0017570330919208165,
0.002296249419627754,
0.0023169094766115317,
0.0018436507587245865,
0.0010049675336391347,
3.159591724356249e-18,
-0.0009479067182128663,
-0.0016402115804021646,
-0.0019441334963049397,
-0.0018172475541214752,
-0.0013113821229384921,
-0.0005561542007311044,
0.00027317646819429185,
0.0009957589450111217,
0.0014640811726237353,
0.0015935087824547887,
0.0013766527938563768,
0.0008803749195875451,
0.00022709143119993907,
-0.0004346918135378598,
-0.0009636603156657191,
-0.0012554283581717172,
-0.001262573496744809,
-0.0010012621842290465,
-0.0005438642670839038,
-6.248255122115824e-18,
0.0005092019547891306,
0.0008776938121158708,
0.0010361911891297578,
0.0009646098409882988,
0.0006931784318913295,
0.00029271499046610775,
-0.0001431476572610235,
-0.0005194518122737053,
-0.0007602683966689272,
-0.0008236250731580245,
-0.0007081700464026256,
-0.000450698284744036,
-0.00011568945626756499,
0.00022035445762935802,
0.0004860572723638414,
0.000630024984048382,
0.0006303881779266684,
0.0004973616324154261,
0.00026876975009532025,
1.2564109508864856e-18,
-0.00024906317128426807,
-0.0004271093458228689,
-0.0005016834152649547,
-0.00046468699341682576,
-0.0003322819725974083,
-0.00013963786480676653,
6.796623120678562e-05,
0.0002455109153236393,
0.0003577566964512078,
0.00038595655057913574,
0.00033055406505267017,
0.0002096098793997728,
5.362700365260197e-05,
-0.00010184466638732478,
-0.00022408603214550544,
-0.0002898700205755703,
-0.0002896035754454252,
-0.0002282849233732629,
-0.0001233336507734854,
2.566920242772757e-19,
0.00011449511902922252,
0.00019677132378959528,
0.00023185430877801933,
0.0002156562855689641,
0.00015502974672829494,
6.557618706500206e-05,
-3.2168931182968117e-05,
-0.00011727835957378966,
-0.00017273409715719168,
-0.00018864546961243453,
-0.00016382307862966675,
-0.00010551284082267127,
-2.746628599761125e-05,
5.3169194990523706e-05,
0.0001194647003463736,
0.00015810201149901143,
0.00016190304292661896,
0.00013105289901709668,
7.283763160219299e-05,
