-5.67350313236595e-06,
-1.8932176497448972e-06,
1.957166269352643e-06,
5.828479871973711e-06,
9.670831398659091e-06,
1.3434458638715426e-05,
1.7070582281492467e-05,
2.0532243995530455e-05,
2.377511341205226e-05,
2.6758248735965588e-05,
2.9444796547054673e-05,
3.18026174713292e-05,
3.38048257774574e-05,
3.5430232560645015e-05,
3.666368398669719e-05,
3.749628804873215e-05,
3.792552540126447e-05,
3.7955242041566814e-05,
3.7595523864873385e-05,
3.686245538540773e-05,
3.577776714636658e-05,
3.4368378496107185e-05,
3.266584444351153e-05,
3.070571718327486e-05,
2.852683456492275e-05,
2.6170549234520425e-05,
2.3679913375927834e-05,
2.1098834894693263e-05,
1.8471221502786558e-05,
1.584012946266398e-05,
1.3246933726623411e-05,
1.0730535860309829e-05,
8.326625471859425e-06,
6.067009890995976e-06,
3.979025571941486e-06,
2.0850431524313365e-06,
4.020763160769e-07,
-1.0584973907217282e-06,
-2.291097806304904e-06,
-3.2959817885245716e-06,
-4.079159953504276e-06,
-4.652191673583462e-06,
-5.0318619256596505e-06,
-5.239745967316588e-06,
-5.301670107577412e-06,
-5.247078986353527e-06,
-5.108321738259124e-06,
-4.919871152488044e-06,
-4.717491414412915e-06,
-4.537371195142654e-06,
-4.415239715973956e-06,
-4.385483935377446e-06,
-4.48028517273616e-06,
-4.728793288260318e-06,
-5.1563559821215095e-06,
-5.783819864442748e-06,
-6.62691869518984e-06,
-7.69576261971139e-06,
-8.994440358766615e-06,
-1.0520744184479992e-05,
-1.226602516447803e-05,
-1.4215183628960313e-05,
-1.6346797157273282e-05,
-1.8633385642389905e-05,
-2.104181022665483e-05,
-2.353380016441358e-05,
-2.606659901125708e-05,
-2.8593719019086494e-05,
-3.106579028282015e-05,
-3.343148908695798e-05,
-3.563852808314946e-05,
-3.763468943328109e-05,
-3.93688809103898e-05,
-4.079219418960305e-05,
-4.1858944203582235e-05,
-4.2527668494518904e-05,
-4.276206597211344e-05,
-4.253185538080959e-05,
-4.181353507788251e-05,
-4.059102740683761e-05,
-3.885619298995735e-05,
-3.660920262433667e-05,
-3.38587571049685e-05,
-3.062214816791823e-05,
-2.692515679247965e-05,
-2.280178826537988e-05,
-1.829384663116031e-05,
-1.3450354367507177e-05,
-8.32682626821795e-06,
-2.9844095260035662e-06,
2.511095179635621e-06,
8.090314226739057e-06,
1.3681463617425902e-05,
1.9211572069211487e-05,
2.4607741648800685e-05,
2.9798421919484388e-05,
3.47146729920724e-05,
3.9291392772007864e-05,
4.3468484090644196e-05,
4.719193829588742e-05,
5.0414813245679094e-05,
5.309808547648191e-05,
5.52113585778848e-05,
5.6733412454264075e-05,
5.765258114737111e-05,
5.796695017429774e-05,
5.7684367841350545e-05,
5.682226865844569e-05,
5.5407310728823714e-05,
5.3474832750572265e-05,
5.1068139963675774e-05,
4.823763193316344e-05,
4.503978840141273e-05,
4.153603249965444e-05,
3.779149331433283e-05,
3.3873692097867744e-05,
2.9851178243183264e-05,
2.5792142463100398e-05,
2.176303539504625e-05,
1.7827220064913592e-05,
1.404368627863334e-05,
1.0465854065314063e-05,
7.14049178241539e-06,
4.106772434159767e-06,
1.3954891833089433e-06,
-9.715520011967276e-07,
-2.981948067089544e-06,
-4.632912273811701e-06,
-5.931278630576255e-06,
-6.893295011616633e-06,
-7.544206955785738e-06,
-7.917638551881189e-06,
-8.054781136607472e-06,
-8.003404698783865e-06,
-7.816710803253655e-06,
-7.552049436215966e-06,
-7.269525351741487e-06,
-7.030522195047808e-06,
-6.896174828736307e-06,
-6.925821841123974e-06,
-7.175471129453518e-06,
-7.696311696651297e-06,
-8.533304362795708e-06,
-9.723882970065189e-06,
-1.1296795864935161e-05,
-1.327111500048758e-05,
-1.5655436954920084e-05,
-1.8447296563143185e-05,
-2.163280977222679e-05,
-2.5186557835067044e-05,
-2.907172013619253e-05,
-3.324045789355162e-05,
-3.7634545800787676e-05,
-4.218624347086172e-05,
-4.68193934207236e-05,
-5.145072740499246e-05,
-5.5991358269039164e-05,
-6.034843024857774e-05,
-6.44268968877543e-05,
-6.81313925656246e-05,
-7.136816108680148e-05,
-7.40470029679363e-05,
-7.608320198675567e-05,
-7.739939128815786e-05,
-7.792731988066433e-05,
-7.76094817077841e-05,
-7.640057162762726e-05,
-7.426873554852088e-05,
-7.119658560045039e-05,
-6.718195550830404e-05,
-6.223837619510482e-05,
-5.639525699056219e-05,
-4.969776354996551e-05,
-4.2206389588647084e-05,
-3.399622568889505e-05,
-2.515593461514089e-05,
-1.5786448652866494e-05,
-5.9994103408052746e-06,
4.084616529281547e-06,
1.4338133733629128e-05,
2.462885688739441e-05,
3.482198501313465e-05,
4.478254823883653e-05,
5.4377788280352015e-05,
6.347952508157549e-05,
7.196646263896401e-05,
7.972638764537519e-05,
8.665821615302664e-05,
9.267384595772432e-05,
9.769977580830376e-05,
0.00010167845678889441,
0.00010456934623166035,
0.00010634964020141534,
0.00010701466684330065,
0.00010657792957941281,
0.00010507079614801597,
0.0001025418366594175,
9.90558210500372e-05,
9.469239340191525e-05,
8.954444741129345e-05,
8.371623369198466e-05,
7.73212354494411e-05,
7.04798542309729e-05,
6.331695183054751e-05,
5.5959297901532e-05,
4.8532975323652207e-05,
4.116079681653508e-05,
3.395978664716159e-05,
2.703878052064246e-05,
2.0496194873381143e-05,
1.4418013828992083e-05,
8.876038076836258e-06,
3.926434959946206e-06,
-3.913767965295407e-07,
-4.055480913499815e-06,
-7.0618364135410175e-06,
-9.424257751205204e-06,
-1.1173998589604181e-05,
-1.235894390262379e-05,
-1.3042423403081738e-05,
-1.3301667457844384e-05,
-1.3225934479647365e-05,
-1.2914346114160636e-05,
-1.2473473210008034e-05,
-1.201472142138719e-05,
-1.165157021352739e-05,
-1.1496722905571824e-05,
-1.1659228097476147e-05,
-1.2241634315278732e-05,
-1.333723992368454e-05,
-1.5027499274322938e-05,
-1.737964368632589e-05,
-2.044457222403133e-05,
-2.425506240250408e-05,
-2.8824344998607164e-05,
-3.414508018153474e-05,
-4.018876433247248e-05,
-4.6905588348983985e-05,
-5.422475909370683e-05,
-6.205528613077068e-05,
-7.0287226189491e-05,
-7.879336810203398e-05,
-8.743133148151458e-05,
-9.604604333918042e-05,
-0.00010447254837777292,
-0.00011253910102754279,
-0.00012007048058131032,
-0.00012689146518897563,
-0.0001328303961209488,
-0.0001377227607126594,
-0.00014141472083907723,
-0.00014376651369211785,
-0.00014465565306733804,
-0.00014397986230066894,
-0.00014165967439189046,
-0.0001376406406382673,
-0.000131895096179229,
-0.00012442343909279554,
-0.00011525488893261291,
-0.00010444770067385945,
-9.208882075046793e-05,
-7.829298300253148e-05,
-6.320125368781791e-05,
-4.697904601367933e-05,
-2.9813635682369452e-05,
-1.1911219482516154e-05,
6.506431220933796e-06,
2.5205661358784127e-05,
4.394489889206985e-05,
6.247882245095883e-05,
8.056264991323998e-05,
9.795646452353996e-05,
0.00011442949338440845,
0.00012976425310130474,
0.00014376047905850683,
0.00015623875822826216,
0.00016704379052255588,
0.00017604721040069597,
0.00018314990862828607,
0.00018828380359319074,
0.00019141302224192708,
0.00019253446229953953,
0.00019167771974955243,
0.00018890437833219708,
0.00018430667081099033,
0.0001780055346934918,
0.00017014809770450934,
0.00016090464033392392,
0.0001504650939619412,
0.00013903514316035006,
0.00012683200955759485,
0.00011408000194162295,
0.00010100592288818689,
8.783442600860922e-05,
7.47834198092983e-05,
6.205961408451579e-05,
4.985430270184174e-05,
3.833947260663789e-05,
2.766432292766714e-05,
1.7952270312118907e-05,
9.298507194434809e-06,
1.768168785402439e-06,
-4.60484763450997e-06,
-9.818380782463035e-06,
-1.3901804498204709e-05,
-1.6915126156598866e-05,
-1.8947397335086176e-05,
-2.0114464341509593e-05,
-2.055610044039935e-05,
-2.0432575142461102e-05,
-1.9920728452322804e-05,
-1.920962923133173e-05,
-1.849590657467326e-05,
-1.797885110535412e-05,
-1.7855389162559082e-05,
-1.831503685947924e-05,
-1.9534942796572487e-05,
-2.1675127776141445e-05,
-2.4874027153929092e-05,
-2.9244436511679914e-05,
-3.4869954216273835e-05,
-4.180200526672319e-05,
-5.005751978546463e-05,
-5.96173267903053e-05,
-7.04253097316564e-05,
-8.23883549719805e-05,
-9.537710822393087e-05,
-0.00010922753727496587,
-0.00012374328244907213,
-0.0001386987595376712,
-0.0001538429637210074,
-0.00016890390763993926,
-0.00018359361259558888,
-0.00019761355915843767,
-0.0002106604925416682,
-0.00022243246918299763,
-0.00023263502429525176,
-0.0002409873358545649,
-0.00024722825871417546,
-0.00025112210333053645,
-0.0002524640369815452,
-0.00025108499130697444,
-0.0002468559684170571,
-0.00023969164855409817,
-0.00022955321516056522,
-0.00021645032796682685,
-0.0002004421910813125,
-0.0001816376807281105,
-0.00016019451588379513,
-0.00013631747424551753,
-0.000110255675327936,
-8.229897164216049e-05,
-5.2773507458516313e-05,
-2.2036522209142875e-05,
9.529508226849981e-06,
4.152328464130977e-05,
7.353153186465322e-05,
0.00010513615010187405,
0.00013592153237265172,
0.00016548190533852004,
0.00019342854880648189,
0.00021939675013808954,
0.00024305235367775812,
0.0002640977720974188,
0.0002822773361280363,
0.0002973818713460819,
0.00030925240528209097,
0.0003177829248446587,
0.00032292212258551385,
0.000324674090307576,
0.00032309793954253877,
0.00031830635007613504,
0.0003104630695381933,
0.00029977940865398556,
0.0002865097976255236,
0.00027094648883882493,
0.0002534135092583016,
0.00023425998208031248,
0.0002138529511213592,
0.00019256985270069694,
0.00017079078818353494,
0.00014889075567500496,
0.00012723200145650404,
0.00010615665055715111,
8.597977134520835e-05,
6.698302126675746e-05,
4.940900997803401e-05,
3.3456502307103294e-05,
1.9276566994948598e-05,
6.969758319530749e-06,
-3.4156031357004395e-06,
-1.1884006733707069e-05,
-1.849216478403695e-05,
-2.334726624194574e-05,
-2.6604099444967938e-05,
-2.84610962741029e-05,
-2.9155373334608522e-05,
-2.8956867626903884e-05,
-2.8161684255038857e-05,
-2.7084791560940004e-05,
-2.605221428433601e-05,
-2.5392887585903386e-05,
-2.543034374893892e-05,
-2.6474408870705225e-05,
-2.8813088715527105e-05,
-3.2704821050364406e-05,
-3.837126621538645e-05,
-4.5990798472372705e-05,
-5.5692847971893774e-05,
-6.755322721070108e-05,
-8.159055690699289e-05,
-9.776388466271164e-05,
-0.00011597156602477968,
-0.0001360514520685091,
-0.00015778240091360052,
-0.00018088710318514166,
-0.00020503618390698718,
-0.00022985351623097477,
-0.0002549226563261891,
-0.000279794284229376,
-0.0003039945130131969,
-0.0003270339087511,
-0.0003484170468857804,
-0.0003676524171232039,
-0.0003842624791946836,
-0.0003977936659968417,
-0.0004078261289008088,
-0.0004139830224974014,
-0.0004159391327129047,
-0.0004134286629992759,
-0.0004062520079983817,
-0.0003942813624445036,
-0.0003774650347662148,
-0.0003558303594697032,
-0.00032948512945770494,
-0.00029861749843296834,
-0.00026349433387906174,
-0.00022445803219687567,
-0.00018192183877325044,
-0.00013636374643064139,
-8.831907521962189e-05,
-3.837186425235355e-05,
1.2854768351894593e-05,
6.470911887286482e-05,
0.00011652204714390135,
0.00016761856860857547,
0.00021732966536524016,
0.00026500408566239005,
0.00031001989931029174,
0.00035179557919037374,
0.00038980038646501005,
0.0004235638491117649,
0.0004526841398274753,
0.0004768351798758567,
0.000495772319707506,
0.000509336474702835,
0.0005174566246441992,
0.000520150617919928,
0.0005175242553561153,
0.0005097686632816839,
0.0004971560002537048,
0.0004800335760900112,
0.0004588164947667009,
0.000433978963650569,
0.00040604443979753817,
0.0003755748090515106,
0.0003431588148791736,
0.00030939997080356766,
0.00027490420256373545,
0.00024026747343347055,
0.00020606364828185038,
0.0001728328488586878,
0.0001410705444536157,
0.00011121760863049307,
8.365155440732768e-05,
5.8679137368034155e-05,
3.653048918412041e-05,
1.73549134098634e-05,
1.2184417906098674e-06,
-1.1896786644227845e-05,
-2.209129902420695e-05,
-2.9545228393793294e-05,
-3.451347209164568e-05,
-3.731915887984037e-05,
-3.8345551259492847e-05,
-3.802654344746185e-05,
-3.6835946529249885e-05,
-3.527577967435771e-05,
-3.386380939866251e-05,
-3.312059716404888e-05,
-3.3556328690224244e-05,
-3.565770589385062e-05,
-3.9875184153074456e-05,
-4.661083352372198e-05,
-5.620709263095629e-05,
-6.893666837012836e-05,
-8.499381353478796e-05,
-0.00010448718842566871,
-0.00012743448186568928,
-0.0001537589324366719,
-0.00018328785283484514,
-0.00021575321976080494,
-0.00025079434952279107,
-0.000287962636391206,
-0.00032672828757651114,
-0.00036648894640064594,
-0.0004065800546739411,
-0.0004462867673290441,
-0.0004848571978090895,
-0.0005215167423071503,
-0.0005554832053776625,
-0.0005859824292652059,
-0.0006122641149957378,
-0.0006336175152061685,
-0.0006493866770835247,
-0.0006589849187478455,
-0.0006619082339117891,
-0.000657747337520187,
-0.0006461980890162221,
-0.0006270700594725913,
-0.0006002930435205214,
-0.0005659213561513307,
-0.0005241357973008422,
-0.0004752432128198482,
-0.0004196736280799797,
-0.0003579749791108936,
-0.00029080551482838044,
-0.00021892399160048428,
-0.0001431778271263921,
-6.448942341724332e-05,
1.6159092333583317e-05,
9.77424258558905e-05,
0.00017920966079942023,
0.0002595024556306089,
0.00033757354110083013,
0.0004124051575881798,
0.0004830270694726422,
0.0005485337989038125,
0.0006081007338262795,
0.0006609987847555708,
0.0007066072912154565,
0.000744424911480744,
0.0007740782677107597,
0.00079532816197661,
0.0008080732262406682,
0.0008123509201068821,
0.0008083358431189682,
0.0007963353824783588,
0.0007767827711899332,
0.0007502276847151758,
0.0007173245551233013,
0.0006788188294204258,
0.0006355314421991132,
0.0005883418110564919,
0.0005381696955470415,
0.0004859562860487232,
0.0004326449072410818,
0.0003791617314789378,
0.0003263968999062157,
0.0002751864435640684,
0.00022629538304528652,
0.00018040236363777993,
0.00013808615375389183,
9.981429828705084e-05,
6.593417604936378e-05,
3.666666243660506e-05,
1.2102545874575075e-05,
-7.79820953900698e-06,
-2.3204321350373876e-05,
-3.440819198970017e-05,
-4.181814374236389e-05,
-4.594802989615334e-05,
-4.740442272434025e-05,
-4.687163157695032e-05,
-4.509485224363734e-05,
-4.28617908871885e-05,
-4.098314130280888e-05,
-4.0272322236427086e-05,
-4.152490134305143e-05,
-4.549814359253977e-05,
-5.289112421349597e-05,
-6.432583946729706e-05,
-8.032973270807468e-05,
-0.0001013200285408742,
-0.00012759023485333393,
-0.00015929913165572919,
-0.00019646251777552466,
-0.00023894793242475035,
-0.00028647250953392207,
-0.00033860405968439593,
-0.0003947654087228259,
-0.00045424195502653494,
-0.0005161923402684429,
-0.0005796620627802316,
-0.0006435997995952163,
-0.0007068761442882161,
-0.0007683044140702456,
-0.0008266631323981215,
-0.0008807197536586156,
-0.0009292551651791223,
-0.0009710884796336136,
-0.0010051016184077814,
-0.0010302631840233157,
-0.00104565112745878,
-0.0010504737340979028,
-0.0010440884798332162,
-0.0010260183460944774,
-0.000995965228603876,
-0.0009538201286410432,
-0.0008996698765189274,
-0.0008338002036627304,
-0.0007566950508540522,
-0.0006690320744528789,
-0.0005716743882649636,
-0.0004656586546570815,
-0.0003521797129966735,
-0.00023257200497635817,
-0.00010828812339581588,
1.912512789483331e-05,
0.00014805272123691318,
0.00027683895234037427,
0.0004038160239144851,
0.0005273331162352526,
0.0006457853799279605,
0.0007576422822890342,
0.0008614747459618937,
0.0009559805376829715,
0.0010400073948574177,
0.0011125734184131851,
0.0011728843109986,
0.0012203470992043395,
0.0012545800459863722,
0.0012754185335499158,
0.0012829167761871012,
0.0012773453053852432,
0.0012591842542902325,
0.0012291125536187436,
0.0011879932346366715,
0.0011368551151472405,
0.0010768712198951133,
0.001009334355808271,
0.0009356303235994091,
0.0008572092991105469,
0.0007755559592587907,
0.0006921589575814309,
0.0006084803724538477,
0.0005259257565766191,
0.00044581540905798503,
0.00036935747137280245,
0.0002976234159382941,
0.00023152645154585615,
0.00017180331421166954,
0.00011899984617779967,
7.346069104777569e-05,
3.532335080915996e-05,
4.516762380540244e-06,
-1.923554094092076e-05,
-3.6407712322604106e-05,
-4.765944268842693e-05,
-5.381959804806313e-05,
-5.5865950420147105e-05,
-5.4901394537753706e-05,
-5.2127120029429054e-05,
-4.881327748741101e-05,
-4.626773526269407e-05,
-4.580357065594576e-05,
-4.870597331573666e-05,
-5.6199259269090194e-05,
-6.941470051777737e-05,
-8.935986724021548e-05,
-0.0001168901573376406,
-0.00015268315163874456,
-0.00019721638310649602,
-0.00025074904573109657,
-0.00031330809456975463,
-0.00038467910397951724,
-0.00046440215807951653,
-0.0005517729476617736,
-0.0006458491430925995,
-0.0007454620052775203,
-0.0008492330886513977,
-0.0009555957835887236,
-0.0010628213427892935,
-0.0011690489392135986,
-0.00127231921405896,
-0.0013706106939852403,
-0.0014618783890451882,
-0.0015440938280642865,
-0.0016152857478186238,
-0.001673580627271294,
-0.00171724224904834,
-0.0017447094776466066,
-0.0017546314676272095,
-0.0017458995549852123,
-0.0017176751403970463,
-0.0016694129432080632,
-0.0016008790886034136,
-0.0015121635858919681,
-0.0014036868614520353,
-0.0012762001236416324,
-0.0011307794566792525,
-0.0009688136638221143,
-0.0007919860046751737,
-0.0006022500946706952,
-0.0004018003541749599,
-0.0001930375078631275,
2.1470260392534008e-05,
0.00023902979805586388,
0.0004568683397934682,
0.0006721808821439786,
0.0008821786801056538,
0.0010841379357010561,
0.00127544773369045,
0.0014536562834096172,
0.0016165145483546261,
0.001762016386402592,
0.0018884343828448847,
0.001994350634749823,
0.0020786818372459186,
0.002140698128472251,
0.002180035268226439,
0.002196699853532882,
0.002191067410008977,
0.0021638733384003075,
0.002116196838233536,
0.002049438072368457,
0.001965288974469011,
0.0018656982332444349,
0.001752831110015708,
0.001629024857168354,
0.0014967406019905068,
0.0013585126411468531,
0.0012168961537822201,
0.001074414384498455,
0.0009335063700900006,
0.0007964762852385825,
0.0006654454620554185,
0.0005423080965448999,
0.0004286915923046794,
0.0003259224090536863,
0.00023499818228406094,
0.00015656676224546422,
9.091268772817144e-05,
3.795146517280471e-05,
-2.7681307674959235e-06,
-3.205367999466725e-05,
-5.1050772132806925e-05,
-6.121696759554021e-05,
-6.428849934689764e-05,
-6.224030503862801e-05,
-5.7240124511878375e-05,
-5.159753033614323e-05,
-4.770887629650266e-05,
-4.7999247972599525e-05,
-5.4862578539188335e-05,
-7.06011497914982e-05,
-9.736573169820173e-05,
-0.00013709762250078172,
-0.00019147383496708457,
-0.0002618566328160373,
-0.0003492485550038264,
-0.0004542539754337967,
-0.0005770481331433045,
-0.0007173544350088906,
-0.0008744306818070021,
-0.0010470647017707573,
-0.001233579696638347,
-0.0014318494169275218,
-0.0016393230893532909,
-0.001853059823652435,
-0.0020697720324008868,
-0.002285877209536624,
-0.002497557235004046,
-0.002700824207856523,
-0.002891591661731106,
-0.003065749888006254,
-0.0032192439859980177,
-0.00334815317867088,
-0.003448769878514322,
-0.0035176769629510747,
-0.003551821722849132,
-0.003548584981807358,
-0.003505843947697577,
-0.003422027450727048,
-0.0032961623427129384,
-0.003127909978465045,
-0.0029175918697584005,
-0.0026662037924642373,
-0.002375417834678758,
-0.0020475720944493135,
-0.0016856479659371339,
-0.001293235188324535,
-0.0008744850680589379,
-0.00043405251763002715,
2.297222149129948e-05,
0.0004911410922674942,
0.0009647336973278629,
0.0014378492872159615,
0.001904503662995581,
0.0023587292723577687,
0.0027946766865752032,
0.0032067155864788127,
0.0035895333607260556,
0.003938229430005985,
0.004248403456851968,
0.004516235682112443,
0.004738557744898102,
0.004912912491358196,
0.005037601456679155,
0.005111718911382337,
0.005135171593905226,
0.005108683502660617,
0.005033785387927298,
0.0049127888623205634,
0.004748745333233921,
0.004545390246359745,
0.004307073410922454,
0.0040386764493274725,
0.003745518671387342,
0.0034332529111657673,
0.0031077530781174153,
0.0027749953593042727,
0.0024409351622204627,
0.002111382004877061,
0.001791874638614395,
0.0014875587276194009,
0.0012030694060301873,
0.0009424209882579655,
0.0007089060209506837,
0.0005050057368363001,
0.0003323138032418767,
0.00019147505384864416,
8.214065436869738e-05,
2.940885119941312e-06,
-4.852356968068267e-05,
-7.567124978947632e-05,
-8.291021678188439e-05,
-7.558911316119248e-05,
-5.9929416155234156e-05,
-4.2939659384055336e-05,
-3.231272689924362e-05,
-3.630764099660187e-05,
-6.361756190092366e-05,
-0.0001232259884254106,
-0.0002242533889262688,
-0.0003757966967066057,
-0.000586764269453521,
-0.0008657090349544435,
-0.001220662622593665,
-0.0016589733101116623,
-0.0021871505967682265,
-0.0028107191471770467,
-0.0035340847353144576,
-0.00436041465703783,
-0.005291534874192937,
-0.006327845907150888,
-0.007468259209241653,
-0.008710155440571053,
-0.010049365715252782,
-0.011480176530806645,
-0.012995358707439784,
-0.014586220274527668,
-0.01624268284844167,
-0.01795338065661664,
-0.019705780984078138,
-0.021486324457075337,
-0.023280583240255066,
-0.025073434914860873,
-0.026849249531171775,
-0.028592087093659378,
-0.030285902546337118,
-0.031914755181962115,
-0.03346301930479602,
-0.03491559293435483,
-0.036258101347922025,
-0.03747709232260077,
-0.03856022005248207,
-0.03949641488135022,
-0.04027603620362337,
-0.040891006142502045,
-0.04133492191038033,
-0.04160314508758243,
1.3347839095053282,
-0.04160314508758243,
-0.04133492191038033,
-0.040891006142502045,
-0.04027603620362337,
-0.03949641488135022,
-0.03856022005248207,
-0.03747709232260077,
-0.036258101347922025,
-0.03491559293435483,
-0.03346301930479602,
-0.031914755181962115,
-0.030285902546337118,
-0.028592087093659378,
-0.026849249531171775,
-0.025073434914860873,
-0.023280583240255066,
-0.021486324457075337,
-0.019705780984078138,
-0.01795338065661664,
-0.01624268284844167,
-0.014586220274527668,
-0.012995358707439784,
-0.011480176530806643,
-0.010049365715252782,
-0.008710155440571053,
-0.007468259209241653,
-0.006327845907150888,
-0.005291534874192937,
-0.004360414657037829,
-0.0035340847353144576,
-0.0028107191471770467,
-0.002187150596768225,
-0.0016589733101116623,
-0.001220662622593665,
-0.0008657090349544435,
-0.000586764269453521,
-0.0003757966967066057,
-0.0002242533889262688,
-0.0001232259884254106,
-6.361756190092366e-05,
-3.630764099660187e-05,
-3.231272689924362e-05,
-4.2939659384055336e-05,
-5.9929416155234156e-05,
-7.558911316119248e-05,
-8.291021678188439e-05,
-7.567124978947632e-05,
-4.852356968068267e-05,
2.940885119941312e-06,
8.214065436869738e-05,
0.00019147505384864416,
0.0003323138032418767,
0.0005050057368362984,
0.0007089060209506837,
0.0009424209882579655,
0.001203069406030187,
0.0014875587276194009,
0.001791874638614395,
0.002111382004877061,
0.0024409351622204627,
0.0027749953593042727,
0.0031077530781174153,
0.0034332529111657673,
0.003745518671387342,
0.004038676449327473,
0.004307073410922454,
0.004545390246359747,
0.004748745333233921,
0.0049127888623205634,
0.005033785387927298,
0.005108683502660617,
0.005135171593905226,
0.005111718911382337,
0.005037601456679155,
0.0049129124913581965,
0.004738557744898103,
0.004516235682112444,
0.004248403456851969,
0.003938229430005985,
0.0035895333607260556,
0.0032067155864788127,
0.0027946766865752032,
0.002358729272357769,
0.001904503662995581,
0.0014378492872159615,
0.0009647336973278629,
0.0004911410922674944,
2.29722214912995e-05,
-0.00043405251763002715,
-0.0008744850680589376,
-0.001293235188324535,
-0.0016856479659371339,
-0.0020475720944493135,
-0.002375417834678758,
-0.0026662037924642373,
-0.0029175918697584005,
-0.003127909978465045,
-0.0032961623427129384,
-0.003422027450727048,
-0.0035058439476975773,
-0.003548584981807358,
-0.003551821722849132,
-0.0035176769629510747,
-0.003448769878514322,
-0.00334815317867088,
-0.0032192439859980177,
-0.003065749888006255,
-0.002891591661731106,
-0.002700824207856523,
-0.002497557235004046,
-0.002285877209536624,
-0.002069772032400886,
-0.001853059823652436,
-0.0016393230893532909,
-0.0014318494169275218,
-0.001233579696638347,
-0.0010470647017707573,
-0.0008744306818070011,
-0.0007173544350088901,
-0.0005770481331433045,
-0.0004542539754337966,
-0.0003492485550038264,
-0.0002618566328160373,
-0.00019147383496708457,
-0.00013709762250078167,
-9.736573169820173e-05,
-7.060114979149775e-05,
-5.4862578539188755e-05,
-4.799924797259952e-05,
-4.770887629650265e-05,
-5.159753033614333e-05,
-5.724012451187843e-05,
-6.224030503862801e-05,
-6.428849934689764e-05,
-6.121696759554044e-05,
-5.105077213280715e-05,
-3.205367999466725e-05,
-2.768130767495937e-06,
3.795146517280471e-05,
9.091268772817144e-05,
0.00015656676224546422,
0.00023499818228406094,
0.0003259224090536863,
0.0004286915923046794,
0.0005423080965448999,
0.0006654454620554185,
0.0007964762852385825,
0.0009335063700900006,
0.001074414384498455,
0.0012168961537822203,
0.001358512641146853,
0.001496740601990507,
0.0016290248571683545,
0.0017528311100157084,
0.0018656982332444349,
0.001965288974469011,
0.002049438072368457,
0.002116196838233536,
0.002163873338400307,
0.002191067410008977,
0.002196699853532882,
0.002180035268226439,
0.002140698128472251,
0.0020786818372459186,
0.001994350634749823,
0.0018884343828448847,
0.0017620163864025917,
0.0016165145483546261,
0.0014536562834096176,
0.00127544773369045,
0.0010841379357010561,
0.0008821786801056539,
0.0006721808821439786,
0.0004568683397934682,
0.00023902979805586388,
2.147026039253399e-05,
-0.00019303750786312754,
-0.0004018003541749601,
-0.0006022500946706955,
-0.0007919860046751739,
-0.0009688136638221143,
-0.0011307794566792532,
-0.0012762001236416326,
-0.0014036868614520357,
-0.001512163585891968,
-0.0016008790886034145,
-0.0016694129432080638,
-0.0017176751403970467,
-0.001745899554985213,
-0.0017546314676272104,
-0.0017447094776466066,
-0.00171724224904834,
-0.001673580627271294,
-0.0016152857478186238,
-0.0015440938280642865,
-0.001461878389045188,
-0.0013706106939852408,
-0.00127231921405896,
-0.0011690489392135984,
-0.0010628213427892935,
-0.0009555957835887234,
-0.0008492330886513979,
-0.0007454620052775203,
-0.0006458491430925995,
-0.0005517729476617736,
-0.00046440215807951653,
-0.00038467910397951767,
-0.0003133080945697546,
-0.00025074904573109657,
-0.00019721638310649602,
-0.00015268315163874456,
-0.0001168901573376406,
-8.935986724021527e-05,
-6.941470051777737e-05,
-5.6199259269090194e-05,
-4.870597331573665e-05,
-4.580357065594576e-05,
-4.626773526269407e-05,
-4.8813277487411e-05,
-5.2127120029429095e-05,
-5.490139453775368e-05,
-5.586595042014716e-05,
-5.381959804806313e-05,
-4.765944268842694e-05,
-3.6407712322604106e-05,
-1.9235540940920768e-05,
4.516762380540231e-06,
3.532335080915996e-05,
7.34606910477759e-05,
0.00011899984617779988,
0.00017180331421166954,
0.00023152645154585612,
0.0002976234159382939,
0.0003693574713728022,
0.0004458154090579852,
0.0005259257565766191,
0.0006084803724538477,
0.0006921589575814313,
0.0007755559592587907,
0.000857209299110547,
0.0009356303235994091,
0.001009334355808271,
0.0010768712198951133,
0.0011368551151472405,
0.0011879932346366715,
0.0012291125536187436,
0.001259184254290232,
0.0012773453053852427,
0.0012829167761871016,
0.0012754185335499158,
0.0012545800459863726,
0.0012203470992043397,
0.0011728843109986005,
0.0011125734184131858,
0.001040007394857418,
0.000955980537682972,
0.000861474745961894,
0.0007576422822890342,
0.0006457853799279604,
0.0005273331162352526,
0.0004038160239144851,
0.0002768389523403743,
0.00014805272123691318,
1.912512789483329e-05,
-0.0001082881233958159,
-0.00023257200497635817,
-0.0003521797129966736,
-0.0004656586546570816,
-0.0005716743882649636,
-0.000669032074452879,
-0.0007566950508540525,
-0.0008338002036627302,
-0.0008996698765189274,
-0.0009538201286410432,
-0.0009959652286038764,
-0.0010260183460944774,
-0.0010440884798332162,
-0.001050473734097903,
-0.0010456511274587804,
-0.0010302631840233155,
-0.0010051016184077816,
-0.000971088479633614,
-0.0009292551651791221,
-0.0008807197536586156,
-0.0008266631323981216,
-0.0007683044140702458,
-0.0007068761442882162,
-0.0006435997995952161,
-0.0005796620627802316,
-0.0005161923402684428,
-0.0004542419550265347,
-0.0003947654087228258,
-0.0003386040596843957,
-0.0002864725095339219,
-0.00023894793242475014,
-0.00019646251777552445,
-0.00015929913165572892,
-0.00012759023485333393,
-0.0001013200285408744,
-8.032973270807447e-05,
-6.432583946729728e-05,
-5.289112421349628e-05,
-4.549814359253976e-05,
-4.1524901343051416e-05,
-4.0272322236427086e-05,
-4.098314130280893e-05,
-4.2861790887188526e-05,
-4.509485224363734e-05,
-4.6871631576950344e-05,
-4.740442272434031e-05,
-4.59480298961534e-05,
-4.1818143742363896e-05,
-3.440819198970018e-05,
-2.3204321350373876e-05,
-7.798209539006987e-06,
1.2102545874575285e-05,
3.666666243660505e-05,
6.593417604936397e-05,
9.981429828705124e-05,
0.00013808615375389204,
0.00018040236363777993,
0.0002262953830452865,
0.00027518644356406836,
0.00032639689990621596,
0.00037916173147893784,
0.0004326449072410818,
0.0004859562860487232,
0.0005381696955470415,
0.000588341811056492,
0.0006355314421991132,
0.000678818829420426,
0.0007173245551233011,
0.0007502276847151761,
0.0007767827711899334,
0.0007963353824783588,
0.000808335843118968,
0.0008123509201068821,
0.0008080732262406682,
0.0007953281619766101,
0.0007740782677107596,
0.0007444249114807444,
0.0007066072912154565,
0.0006609987847555708,
0.0006081007338262795,
0.0005485337989038125,
0.00048302706947264223,
0.00041240515758817983,
0.0003375735411008302,
0.0002595024556306088,
0.00017920966079942023,
9.77424258558905e-05,
1.6159092333583327e-05,
-6.448942341724334e-05,
-0.00014317782712639212,
-0.00021892399160048433,
-0.00029080551482838044,
-0.0003579749791108938,
-0.0004196736280799798,
-0.0004752432128198483,
-0.0005241357973008422,
-0.0005659213561513307,
-0.0006002930435205214,
-0.0006270700594725913,
-0.0006461980890162221,
-0.0006577473375201873,
-0.0006619082339117896,
-0.0006589849187478454,
-0.0006493866770835249,
-0.0006336175152061685,
-0.0006122641149957379,
-0.0005859824292652059,
-0.0005554832053776626,
-0.0005215167423071504,
-0.0004848571978090898,
-0.0004462867673290441,
-0.0004065800546739411,
-0.0003664889464006461,
-0.0003267282875765111,
-0.000287962636391206,
-0.00025079434952279096,
-0.000215753219760805,
-0.00018328785283484514,
-0.00015375893243667192,
-0.00012743448186568939,
-0.00010448718842566871,
-8.499381353478793e-05,
-6.893666837012814e-05,
-5.620709263095617e-05,
-4.661083352372177e-05,
-3.987518415307446e-05,
-3.565770589385062e-05,
-3.3556328690224244e-05,
-3.312059716404893e-05,
-3.386380939866246e-05,
-3.527577967435771e-05,
-3.683594652924989e-05,
-3.8026543447461834e-05,
-3.8345551259492847e-05,
-3.731915887984037e-05,
-3.451347209164568e-05,
-2.954522839379319e-05,
-2.20912990242069e-05,
-1.1896786644227855e-05,
1.2184417906098707e-06,
1.7354913409863605e-05,
3.6530489184120394e-05,
5.8679137368034135e-05,
8.365155440732768e-05,
0.00011121760863049307,
0.00014107054445361558,
0.00017283284885868778,
0.0002060636482818505,
0.00024026747343347066,
0.0002749042025637356,
0.00030939997080356766,
0.0003431588148791736,
0.00037557480905151073,
0.0004060444397975383,
0.00043397896365056924,
0.0004588164947667011,
0.00048003357609001146,
0.000497156000253705,
0.0005097686632816839,
0.0005175242553561155,
0.0005201506179199282,
0.0005174566246441993,
0.0005093364747028352,
0.0004957723197075065,
0.0004768351798758565,
0.0004526841398274757,
0.0004235638491117649,
0.0003898003864650102,
0.00035179557919037374,
0.00031001989931029184,
0.00026500408566239,
0.00021732966536524025,
0.00016761856860857547,
0.00011652204714390145,
6.470911887286482e-05,
1.2854768351894593e-05,
-3.837186425235356e-05,
-8.83190752196219e-05,
-0.00013636374643064136,
-0.00018192183877325052,
-0.00022445803219687564,
-0.00026349433387906174,
-0.00029861749843296834,
-0.000329485129457705,
-0.0003558303594697034,
-0.000377465034766215,
-0.0003942813624445035,
-0.000406252007998382,
-0.00041342866299927584,
-0.0004159391327129047,
-0.0004139830224974016,
-0.0004078261289008089,
-0.00039779366599684146,
-0.0003842624791946837,
-0.00036765241712320414,
-0.00034841704688578053,
-0.00032703390875110004,
-0.0003039945130131969,
-0.0002797942842293763,
-0.0002549226563261891,
-0.00022985351623097487,
-0.0002050361839069872,
-0.00018088710318514168,
-0.00015778240091360047,
-0.0001360514520685092,
-0.00011597156602477968,
-9.776388466271172e-05,
-8.159055690699305e-05,
-6.755322721070108e-05,
-5.569284797189376e-05,
-4.5990798472372746e-05,
-3.8371266215386455e-05,
-3.270482105036438e-05,
-2.8813088715527105e-05,
-2.647440887070522e-05,
-2.543034374893886e-05,
-2.5392887585903382e-05,
-2.605221428433606e-05,
-2.7084791560940028e-05,
-2.816168425503884e-05,
-2.8956867626903897e-05,
-2.9155373334608516e-05,
-2.84610962741029e-05,
-2.6604099444967914e-05,
-2.334726624194574e-05,
-1.8492164784037e-05,
-1.1884006733707128e-05,
-3.415603135700438e-06,
6.969758319530739e-06,
1.9276566994948598e-05,
3.345650230710329e-05,
4.940900997803401e-05,
6.698302126675746e-05,
8.597977134520831e-05,
0.00010615665055715115,
0.000127232001456504,
0.000148890755675005,
0.00017079078818353513,
0.000192569852700697,
0.0002138529511213594,
0.00023425998208031262,
0.0002534135092583015,
0.00027094648883882515,
0.0002865097976255237,
0.00029977940865398556,
0.0003104630695381937,
0.00031830635007613504,
0.0003230979395425388,
0.00032467409030757604,
0.0003229221225855139,
0.00031778292484465893,
0.00030925240528209113,
0.0002973818713460818,
0.00028227733612803664,
0.0002640977720974188,
0.00024305235367775823,
0.00021939675013808962,
0.00019342854880648202,
0.00016548190533851998,
0.00013592153237265177,
0.00010513615010187405,
7.353153186465328e-05,
4.152328464130979e-05,
9.529508226849971e-06,
-2.203652220914289e-05,
-5.2773507458516334e-05,
-8.229897164216046e-05,
-0.0001102556753279361,
-0.0001363174742455176,
-0.00016019451588379521,
-0.0001816376807281105,
-0.00020044219108131253,
-0.00021645032796682658,
-0.00022955321516056532,
-0.00023969164855409806,
-0.00024685596841705735,
-0.00025108499130697444,
-0.0002524640369815452,
-0.0002511221033305365,
-0.00024722825871417557,
-0.00024098733585456482,
-0.00023263502429525198,
-0.00022243246918299755,
-0.00021066049254166814,
-0.00019761355915843767,
-0.00018359361259558888,
-0.00016890390763993945,
-0.0001538429637210075,
-0.00013869875953767113,
-0.00012374328244907224,
-0.00010922753727496581,
-9.537710822393087e-05,
-8.238835497198063e-05,
-7.042530973165645e-05,
-5.961732679030515e-05,
-5.005751978546472e-05,
-4.180200526672323e-05,
-3.4869954216273875e-05,
-2.9244436511679955e-05,
-2.487402715392904e-05,
-2.1675127776141486e-05,
-1.9534942796572487e-05,
-1.8315036859479238e-05,
-1.7855389162559157e-05,
-1.7978851105354145e-05,
-1.8495906574673277e-05,
-1.9209629231331738e-05,
-1.9920728452322804e-05,
-2.0432575142461126e-05,
-2.055610044039935e-05,
-2.0114464341509607e-05,
-1.8947397335086162e-05,
-1.691512615659884e-05,
-1.3901804498204733e-05,
-9.818380782463066e-06,
-4.60484763450997e-06,
1.768168785402439e-06,
9.298507194434861e-06,
1.7952270312118907e-05,
2.7664322927667132e-05,
3.833947260663799e-05,
4.9854302701841695e-05,
6.205961408451583e-05,
7.478341980929828e-05,
8.783442600860922e-05,
0.00010100592288818695,
0.00011408000194162292,
0.00012683200955759474,
0.0001390351431603501,
0.00015046509396194114,
0.00016090464033392403,
0.0001701480977045094,
0.0001780055346934918,
0.00018430667081099038,
0.00018890437833219716,
0.00019167771974955234,
0.00019253446229953967,
0.00019141302224192703,
0.00018828380359319071,
0.00018314990862828607,
0.00017604721040069603,
0.00016704379052255613,
0.00015623875822826222,
0.00014376047905850675,
0.00012976425310130485,
0.00011442949338440852,
9.795646452353994e-05,
8.056264991324007e-05,
6.247882245095885e-05,
4.3944898892069805e-05,
2.5205661358784137e-05,
6.506431220933807e-06,
-1.1911219482516165e-05,
-2.981363568236948e-05,
-4.697904601367932e-05,
-6.320125368781797e-05,
-7.829298300253151e-05,
-9.208882075046796e-05,
-0.00010444770067385947,
-0.00011525488893261295,
-0.00012442343909279551,
-0.00013189509617922911,
-0.0001376406406382673,
-0.00014165967439189065,
-0.00014397986230066896,
-0.00014465565306733807,
-0.0001437665136921179,
-0.00014141472083907736,
-0.0001377227607126593,
-0.00013283039612094894,
-0.0001268914651889756,
-0.00012007048058131032,
-0.00011253910102754282,
-0.00010447254837777297,
-9.604604333918048e-05,
-8.743133148151464e-05,
-7.879336810203395e-05,
-7.028722618949109e-05,
-6.205528613077068e-05,
-5.422475909370686e-05,
-4.690558834898395e-05,
-4.0188764332472506e-05,
-3.414508018153472e-05,
-2.8824344998607157e-05,
-2.425506240250406e-05,
-2.0444572224031406e-05,
-1.737964368632589e-05,
-1.5027499274322938e-05,
-1.333723992368458e-05,
-1.2241634315278727e-05,
-1.1659228097476111e-05,
-1.1496722905571823e-05,
-1.1651570213527407e-05,
-1.2014721421387178e-05,
-1.2473473210008044e-05,
-1.2914346114160636e-05,
-1.3225934479647383e-05,
-1.3301667457844391e-05,
-1.3042423403081738e-05,
-1.2358943902623817e-05,
-1.1173998589604183e-05,
-9.424257751205204e-06,
-7.0618364135410335e-06,
-4.055480913499815e-06,
-3.913767965295695e-07,
3.926434959946203e-06,
8.876038076836229e-06,
1.4418013828992106e-05,
2.0496194873381166e-05,
2.703878052064246e-05,
3.395978664716167e-05,
4.116079681653506e-05,
4.853297532365225e-05,
5.595929790153202e-05,
6.331695183054758e-05,
7.047985423097286e-05,
7.732123544944114e-05,
8.371623369198466e-05,
8.954444741129356e-05,
9.469239340191525e-05,
9.905582105003721e-05,
0.00010254183665941755,
0.00010507079614801605,
0.00010657792957941275,
0.00010701466684330075,
0.0001063496402014153,
0.00010456934623166035,
0.00010167845678889441,
9.769977580830378e-05,
9.267384595772437e-05,
8.665821615302671e-05,
7.97263876453752e-05,
7.196646263896411e-05,
6.347952508157549e-05,
5.4377788280352015e-05,
4.478254823883655e-05,
3.4821985013134654e-05,
2.4628856887394383e-05,
1.4338133733629137e-05,
4.084616529281548e-06,
-5.999410340805282e-06,
-1.5786448652866494e-05,
-2.515593461514089e-05,
-3.399622568889511e-05,
-4.2206389588647105e-05,
-4.969776354996549e-05,
-5.639525699056221e-05,
-6.223837619510489e-05,
-6.718195550830401e-05,
-7.119658560045048e-05,
-7.426873554852088e-05,
-7.640057162762742e-05,
-7.760948170778412e-05,
-7.792731988066433e-05,
-7.739939128815797e-05,
-7.60832019867558e-05,
-7.40470029679363e-05,
-7.136816108680154e-05,
-6.81313925656246e-05,
-6.44268968877543e-05,
-6.034843024857778e-05,
-5.59913582690392e-05,
-5.145072740499249e-05,
-4.681939342072364e-05,
-4.21862434708617e-05,
-3.763454580078775e-05,
-3.324045789355162e-05,
-2.907172013619254e-05,
-2.5186557835067065e-05,
-2.16328097722268e-05,
-1.8447296563143175e-05,
-1.5655436954920077e-05,
-1.327111500048758e-05,
-1.1296795864935195e-05,
-9.723882970065189e-06,
-8.533304362795693e-06,
-7.696311696651297e-06,
-7.175471129453529e-06,
-6.925821841123976e-06,
-6.896174828736311e-06,
-7.03052219504781e-06,
-7.269525351741487e-06,
-7.552049436215969e-06,
-7.81671080325366e-06,
-8.003404698783872e-06,
-8.054781136607477e-06,
-7.917638551881185e-06,
-7.544206955785738e-06,
-6.893295011616632e-06,
-5.931278630576255e-06,
-4.632912273811708e-06,
-2.9819480670895443e-06,
-9.71552001196739e-07,
1.395489183308942e-06,
4.106772434159755e-06,
7.140491782415401e-06,
1.0465854065314074e-05,
1.404368627863334e-05,
1.782722006491364e-05,
2.176303539504625e-05,
2.579214246310038e-05,
2.9851178243183277e-05,
3.3873692097867764e-05,
3.779149331433283e-05,
4.15360324996545e-05,
4.503978840141273e-05,
4.8237631933163505e-05,
5.10681399636758e-05,
5.3474832750572326e-05,
5.540731072882374e-05,
5.6822268658445756e-05,
5.7684367841350545e-05,
5.796695017429782e-05,
5.765258114737111e-05,
5.6733412454264075e-05,
5.521135857788484e-05,
5.309808547648194e-05,
5.0414813245679046e-05,
4.719193829588748e-05,
4.3468484090644196e-05,
3.9291392772007905e-05,
3.47146729920724e-05,
2.979842191948441e-05,
2.46077416488007e-05,
1.9211572069211493e-05,
1.3681463617425895e-05,
8.090314226739066e-06,
2.5110951796356194e-06,
-2.9844095260035662e-06,
-8.32682626821795e-06,
-1.3450354367507184e-05,
-1.829384663116032e-05,
-2.2801788265379894e-05,
-2.692515679247965e-05,
-3.062214816791826e-05,
-3.385875710496848e-05,
-3.660920262433667e-05,
-3.885619298995737e-05,
-4.0591027406837635e-05,
-4.181353507788248e-05,
-4.253185538080962e-05,
-4.276206597211341e-05,
-4.2527668494518924e-05,
-4.1858944203582235e-05,
-4.079219418960305e-05,
-3.9368880910389847e-05,
-3.763468943328109e-05,
-3.563852808314944e-05,
-3.343148908695799e-05,
-3.106579028282013e-05,
-2.8593719019086477e-05,
-2.6066599011257125e-05,
-2.353380016441358e-05,
-2.1041810226654856e-05,
-1.8633385642389915e-05,
-1.6346797157273286e-05,
-1.4215183628960331e-05,
-1.226602516447803e-05,
-1.0520744184479992e-05,
-8.994440358766628e-06,
-7.69576261971139e-06,
-6.62691869518984e-06,
-5.783819864442748e-06,
-5.1563559821215095e-06,
-4.72879328826031e-06,
-4.480285172736165e-06,
-4.385483935377446e-06,
-4.41523971597396e-06,
-4.537371195142654e-06,
-4.717491414412915e-06,
-4.919871152488044e-06,
-5.108321738259124e-06,
-5.247078986353527e-06,
-5.301670107577416e-06,
-5.239745967316588e-06,
-5.031861925659656e-06,
-4.652191673583462e-06,
-4.079159953504276e-06,
-3.2959817885245716e-06,
-2.2910978063049046e-06,
-1.0584973907217273e-06,
4.0207631607689914e-07,
2.0850431524313365e-06,
3.979025571941486e-06,
6.067009890995976e-06,
8.326625471859425e-06,
1.0730535860309829e-05,
1.3246933726623411e-05,
1.584012946266398e-05,
1.847122150278657e-05,
2.1098834894693263e-05,
2.3679913375927834e-05,
2.6170549234520425e-05,
2.852683456492275e-05,
3.070571718327484e-05,
3.266584444351153e-05,
3.4368378496107185e-05,
3.577776714636658e-05,
3.686245538540773e-05,
3.7595523864873385e-05,
3.795524204156684e-05,
3.792552540126447e-05,
3.749628804873215e-05,
3.666368398669719e-05,
3.5430232560645015e-05,
3.38048257774574e-05,
3.1802617471329226e-05,
2.9444796547054673e-05,
2.675824873596561e-05,
2.377511341205226e-05,
2.0532243995530455e-05,
1.7070582281492484e-05,
1.3434458638715426e-05,
9.670831398659091e-06,
5.828479871973711e-06,
1.957166269352643e-06,
-1.8932176497448972e-06,
