3.121600781512217e-19,
4.959442278839754e-05,
9.524651587951554e-05,
0.00013265821638382374,
0.00015815350471870028,
0.00016900362536652946,
0.00016369125236284578,
0.0001420909985088664,
0.00010554720595086289,
5.683527793921318e-05,
-1.017070594281588e-18,
-5.99267850636664e-05,
-0.00011731655668638313,
-0.00016641913483128202,
-0.00020188848425791502,
-0.00021931657770681058,
-0.0002157265239953113,
-0.00018997406415231357,
-0.00014300929744037112,
-7.795859386746112e-05,
4.487902618622811e-19,
8.397666269413024e-05,
0.00016591272487828556,
0.00023729198094430486,
0.00028996443013120667,
0.000317008720708188,
0.00031354774113823716,
0.0002774279164172174,
0.00020967814853478344,
0.00011467939876575566,
7.569809916426679e-19,
-0.00012411683047041242,
-0.00024559087728857,
-0.00035160886542493896,
-0.0004299011292453623,
-0.00047007072256560355,
-0.0004648383401910488,
-0.00041106347265232204,
-0.00031041417163843454,
-0.00016958464939048062,
8.3788010608115e-19,
0.00018300266394930044,
0.0003614720694849938,
0.0005165200715288782,
0.0006302301807729886,
0.0006876126665624602,
0.000678402167636992,
0.0005984948368860603,
0.0004508450754494122,
0.00024568602758653126,
-4.036933239712359e-18,
-0.0002637605518985412,
-0.000519620995739706,
-0.0007405440093426901,
-0.000901177521745706,
-0.0009806216202431195,
-0.0009649240107195046,
-0.000849022183263652,
-0.0006378895716159653,
-0.00034671057357293456,
1.420194209133727e-18,
0.0003703117991064497,
0.0007276964893183236,
0.0010345126632830956,
0.0012558372463802737,
0.0013632653536748574,
0.0013382795688851362,
0.0011748092994740074,
0.0008806616543274334,
0.0004776033072940492,
-1.756908919059912e-18,
-0.0005079349079975802,
-0.0009960832598862263,
-0.0014132204528209417,
-0.0017122241109867513,
-0.001855178411487858,
-0.0018178394246906448,
-0.0015929613018376269,
-0.0011920715948310272,
-0.0006454203069611511,
2.1070805275207462e-18,
0.0006842724516925543,
0.001339926949988598,
0.0018984021123640696,
0.002296997299270168,
0.0024856293245002227,
0.0024326896334281936,
0.0021293502919059607,
0.0015917895278509298,
0.0008609910103630877,
-2.4572521359815794e-18,
-0.0009112270664319625,
-0.0017829897158401617,
-0.002524410236619021,
-0.0030526064688385485,
-0.0033015716263826646,
-0.0032298426682193853,
-0.00282611146612851,
-0.00211209543422676,
-0.0011422245973119098,
2.7939668459077648e-18,
0.0012087932307915028,
0.002365507527076312,
0.0033498853654105303,
0.004052110880423543,
0.00438449262160831,
0.004291583131731519,
0.0037576328623564015,
0.0028104827949108967,
0.0015213072233455451,
-3.104284899828622e-18,
-0.0016135799894991707,
-0.003161865092185849,
-0.004484315619924087,
-0.005433314332781085,
-0.0058897090590955955,
-0.005776445578383643,
-0.005068834938039022,
-0.00380024925419109,
-0.0020624207692097017,
3.3762809489603415e-18,
0.0022004314351619604,
0.004326148524614897,
0.006157620096441109,
0.007489732006523803,
0.008152957828379548,
0.008032434239224453,
0.00708298256956332,
0.005338391893197434,
0.002913725723125198,
-3.599502337671934e-18,
-0.0031487437003189797,
-0.006235237759595125,
-0.008944253252632109,
-0.010971342657923966,
-0.01205264748073517,
-0.011993130996695953,
-0.010690597796312476,
-0.008153100765547788,
-0.004507800592051447,
3.765370793179211e-18,
0.005018126674329077,
0.010108714035484561,
0.01477802703122211,
0.018512855435201384,
0.020820764036433143,
0.02127104197977795,
0.019533010606489105,
0.015408443540472515,
0.008855225233916192,
-3.867512083757128e-18,
-0.010861604619860353,
-0.023277624696340468,
-0.03666468970467146,
-0.05034364225911146,
-0.06358336047643452,
-0.07564958992060744,
-0.08585513691076549,
-0.09360761168314578,
-0.09845105532420932,
1.1000982292350212,
-0.09845105532420932,
-0.09360761168314578,
-0.08585513691076549,
-0.07564958992060744,
-0.06358336047643452,
-0.05034364225911146,
-0.03666468970467146,
-0.023277624696340468,
-0.010861604619860353,
-3.867512083757128e-18,
0.008855225233916192,
0.015408443540472515,
0.019533010606489105,
0.021271041979777954,
0.020820764036433143,
0.018512855435201384,
0.01477802703122211,
0.010108714035484561,
0.005018126674329078,
3.7653707931792115e-18,
-0.004507800592051447,
-0.00815310076554779,
-0.010690597796312476,
-0.011993130996695953,
-0.012052647480735172,
-0.010971342657923967,
-0.008944253252632109,
-0.006235237759595124,
-0.0031487437003189797,
-3.599502337671934e-18,
0.0029137257231251984,
0.005338391893197435,
0.007082982569563321,
0.008032434239224453,
0.00815295782837955,
0.007489732006523806,
0.006157620096441112,
0.004326148524614897,
0.0022004314351619604,
3.3762809489603423e-18,
-0.002062420769209702,
-0.0038002492541910904,
-0.005068834938039022,
-0.005776445578383644,
-0.0058897090590955955,
-0.005433314332781086,
-0.004484315619924089,
-0.003161865092185849,
-0.0016135799894991707,
-3.1042848998286216e-18,
0.0015213072233455458,
0.0028104827949108962,
0.0037576328623564028,
0.00429158313173152,
0.004384492621608311,
0.004052110880423544,
0.0033498853654105303,
0.002365507527076314,
0.0012087932307915026,
2.793966845907764e-18,
-0.0011422245973119094,
-0.0021120954342267614,
-0.002826111466128511,
-0.003229842668219386,
-0.0033015716263826646,
-0.0030526064688385485,
-0.0025244102366190225,
-0.0017829897158401626,
-0.0009112270664319628,
-2.4572521359815787e-18,
0.000860991010363088,
0.00159178952785093,
0.002129350291905961,
0.0024326896334281936,
0.0024856293245002227,
0.0022969972992701693,
0.0018984021123640705,
0.0013399269499885988,
0.0006842724516925547,
2.1070805275207466e-18,
-0.0006454203069611511,
-0.0011920715948310272,
-0.0015929613018376269,
-0.0018178394246906445,
-0.001855178411487859,
-0.0017122241109867522,
-0.0014132204528209424,
-0.0009960832598862265,
-0.0005079349079975802,
-1.7569089190599134e-18,
0.0004776033072940491,
0.0008806616543274334,
0.0011748092994740072,
0.0013382795688851366,
0.0013632653536748583,
0.0012558372463802741,
0.0010345126632830956,
0.0007276964893183236,
0.00037031179910644997,
1.4201942091337282e-18,
-0.0003467105735729348,
-0.0006378895716159651,
-0.0008490221832636526,
-0.000964924010719505,
-0.0009806216202431195,
-0.000901177521745706,
-0.0007405440093426899,
-0.0005196209957397063,
-0.00026376055189854155,
-4.0369332397123625e-18,
0.00024568602758653137,
0.0004508450754494123,
0.0005984948368860603,
0.000678402167636992,
0.0006876126665624601,
0.0006302301807729884,
0.0005165200715288787,
0.0003614720694849941,
0.00018300266394930058,
8.378801060811503e-19,
-0.00016958464939048065,
-0.00031041417163843503,
-0.00041106347265232204,
-0.00046483834019104864,
-0.0004700707225656033,
-0.00042990112924536273,
-0.0003516088654249391,
-0.0002455908772885701,
-0.00012411683047041242,
7.569809916426679e-19,
0.00011467939876575581,
0.00020967814853478368,
0.0002774279164172177,
0.00031354774113823706,
0.0003170087207081881,
0.0002899644301312068,
0.00023729198094430497,
0.00016591272487828564,
8.397666269413024e-05,
4.487902618622815e-19,
-7.79585938674612e-05,
-0.00014300929744037128,
-0.00018997406415231365,
-0.0002157265239953113,
-0.00021931657770681058,
-0.00020188848425791502,
-0.00016641913483128202,
-0.00011731655668638313,
-5.9926785063666434e-05,
-1.0170705942815887e-18,
5.683527793921318e-05,
0.00010554720595086296,
0.0001420909985088664,
0.00016369125236284578,
0.00016900362536652946,
0.00015815350471870028,
0.00013265821638382374,
9.524651587951554e-05,
4.959442278839754e-05,
