0.0,
0.0001,
5e-05,
5e-05,
5e-05,
0.0,
-0.0001,
-0.0001,
-0.0001,
-0.00015000000000000001,
-0.00015000000000000001,
-0.00035,
-0.00045000000000000004,
-0.00055,
-0.0006000000000000001,
-0.0005,
-0.00015000000000000001,
0.0001,
0.00025,
0.0004,
0.00045,
0.0003,
0.00020000000000000004,
0.0001,
0.0001,
5.000000000000002e-05,
9.999999999999996e-05,
-4.999999999999998e-05,
-0.00015000000000000004,
5.421010862427522e-20,
5.000000000000002e-05,
0.00025,
0.0006000000000000001,
0.0009,
0.001,
0.00075,
0.0006,
0.00025,
0.00010000000000000005,
-4.999999999999997e-05,
0.0,
4.999999999999997e-05,
-5.000000000000013e-05,
-0.00035000000000000005,
-0.0008500000000000001,
-0.0012,
-0.0014999999999999998,
-0.0015,
-0.00105,
-0.0006000000000000001,
-0.00010000000000000005,
0.00019999999999999998,
0.0002499999999999999,
5.000000000000002e-05,
-0.00010000000000000005,
-0.00019999999999999998,
-0.0003,
-0.0005,
-0.0008,
-0.0013000000000000002,
-0.0018,
-0.0018,
-0.0014,
-0.00030000000000000003,
0.0012000000000000001,
0.00265,
0.0035000000000000005,
0.00365,
0.00315,
0.00215,
0.00135,
0.0008000000000000001,
0.0008,
0.00095,
0.0009500000000000001,
0.0006000000000000001,
-4.9999999999999914e-05,
-0.0006,
-0.0009000000000000001,
-0.0007,
0.0,
0.0007000000000000001,
0.0010500000000000002,
0.0008,
-2.168404344971009e-19,
-0.0009,
-0.0013999999999999998,
-0.0014,
-0.0013,
-0.0015499999999999997,
-0.00245,
-0.0042,
-0.00635,
-0.008,
-0.0081,
-0.00625,
-0.003,
0.0007999999999999999,
0.004,
0.0057,
0.0057,
0.00445,
0.0029,
0.0019000000000000002,
0.00125,
0.0009499999999999999,
0.0005,
-0.0002999999999999997,
-0.0009499999999999997,
-0.0007999999999999999,
0.0007500000000000002,
0.0039,
0.0076500000000000005,
0.01075,
0.0119,
0.01055,
0.00725,
0.0033,
0.00045000000000000075,
-0.0005000000000000004,
0.0,
0.0005499999999999993,
-0.0004999999999999996,
-0.004,
-0.009300000000000001,
-0.01465,
-0.01765,
-0.01705,
-0.0129,
-0.00695,
-0.00145,
0.001700000000000001,
0.0021500000000000004,
0.0005999999999999998,
-0.0011499999999999982,
-0.0026000000000000007,
-0.0037,
-0.00595,
-0.0103,
-0.01685,
-0.023100000000000002,
-0.02515,
-0.0194,
-0.00445,
0.0172,
0.03965,
0.05615,
0.06155,
0.05525,
0.0413,
0.02695,
0.018600000000000005,
0.018899999999999997,
0.024399999999999998,
0.0278,
0.020899999999999995,
-0.0005500000000000019,
-0.0344,
-0.07200000000000001,
-0.10135,
1.8878,
-0.10135,
-0.07200000000000001,
-0.0344,
-0.0005500000000000019,
0.020899999999999995,
0.0278,
0.024399999999999998,
0.018899999999999997,
0.018600000000000005,
0.02695,
0.0413,
0.05525,
0.06155,
0.05615,
0.03965,
0.0172,
-0.00445,
-0.0194,
-0.02515,
-0.023100000000000002,
-0.01685,
-0.0103,
-0.00595,
-0.0037,
-0.0026000000000000007,
-0.0011499999999999982,
0.0005999999999999998,
0.0021500000000000004,
0.001700000000000001,
-0.00145,
-0.00695,
-0.0129,
-0.01705,
-0.01765,
-0.01465,
-0.009300000000000001,
-0.004,
-0.0004999999999999996,
0.0005499999999999993,
0.0,
-0.0005000000000000004,
0.00045000000000000075,
0.0033,
0.00725,
0.01055,
0.0119,
0.01075,
0.0076500000000000005,
0.0039,
0.0007500000000000002,
-0.0007999999999999999,
-0.0009499999999999997,
-0.0002999999999999997,
0.0005,
0.0009499999999999999,
0.00125,
0.0019000000000000002,
0.0029,
0.00445,
0.0057,
0.0057,
0.004,
0.0007999999999999999,
-0.003,
-0.00625,
-0.0081,
-0.008,
-0.00635,
-0.0042,
-0.00245,
-0.0015499999999999997,
-0.0013,
-0.0014,
-0.0013999999999999998,
-0.0009,
-2.168404344971009e-19,
0.0008,
0.0010500000000000002,
0.0007000000000000001,
0.0,
-0.0007,
-0.0009000000000000001,
-0.0006,
-4.9999999999999914e-05,
0.0006000000000000001,
0.0009500000000000001,
0.00095,
0.0008,
0.0008000000000000001,
0.00135,
0.00215,
0.00315,
0.00365,
0.0035000000000000005,
0.00265,
0.0012000000000000001,
-0.00030000000000000003,
-0.0014,
-0.0018,
-0.0018,
-0.0013000000000000002,
-0.0008,
-0.0005,
-0.0003,
-0.00019999999999999998,
-0.00010000000000000005,
5.000000000000002e-05,
0.0002499999999999999,
0.00019999999999999998,
-0.00010000000000000005,
-0.0006000000000000001,
-0.00105,
-0.0015,
-0.0014999999999999998,
-0.0012,
-0.0008500000000000001,
-0.00035000000000000005,
-5.000000000000013e-05,
4.999999999999997e-05,
0.0,
-4.999999999999997e-05,
0.00010000000000000005,
0.00025,
0.0006,
0.00075,
0.001,
0.0009,
0.0006000000000000001,
0.00025,
5.000000000000002e-05,
5.421010862427522e-20,
-0.00015000000000000004,
-4.999999999999998e-05,
9.999999999999996e-05,
5.000000000000002e-05,
0.0001,
0.0001,
0.00020000000000000004,
0.0003,
0.00045,
0.0004,
0.00025,
0.0001,
-0.00015000000000000001,
-0.0005,
-0.0006000000000000001,
-0.00055,
-0.00045000000000000004,
-0.00035,
-0.00015000000000000001,
-0.00015000000000000001,
-0.0001,
-0.0001,
-0.0001,
0.0,
5e-05,
5e-05,
5e-05,
