2.748452339356395e-18
-0.0004053956662027768
-0.0005453184763675157
-0.00028790165819271444
0.0002408530416237591
0.0006903704508111592
0.0006866798723133689
0.00011496136226746108
-0.0007109831128431455
-0.001175950207974465
-0.0007859426904431285
0.00037704416286308515
0.0015529260135205977
0.0017541253044279594
0.0005432247064726806
-0.0014427994862178657
-0.002745400223403424
-0.002104546495827602
0.0004294954215948966
0.003216870246056859
0.004018944494501929
0.0017214971352984927
-0.0024879467791716755
-0.005591640715617098
-0.004826493603018846
-1.8552053290655663e-17
0.0058196585128575135
0.008133269750364821
0.00436935592388411
-0.0036552931524674293
-0.010336178869484751
-0.010044204329069745
-0.0016326505066289337
0.009772155298317542
0.015632025152072945
0.010118636265347957
-0.004716201805699022
-0.01896000735654795
-0.02103096194876458
-0.0064434720328311506
0.017083981838011932
0.03280467238910338
0.02571442296178715
-0.005455460576122363
-0.0433914909163833
-0.059245048387650184
-0.02890133330269478
0.050752320735733165
0.15593210835720595
0.24529625034313415
0.280293545120103
0.24529625034313415
0.15593210835720595
0.050752320735733165
-0.028901333302694787
-0.059245048387650184
-0.0433914909163833
-0.005455460576122364
0.02571442296178715
0.03280467238910338
0.017083981838011936
-0.006443472032831151
-0.021030961948764585
-0.01896000735654795
-0.004716201805699022
0.010118636265347957
0.015632025152072942
0.00977215529831754
-0.001632650506628933
-0.010044204329069745
-0.010336178869484755
-0.0036552931524674276
0.00436935592388411
0.008133269750364824
0.0058196585128575135
-1.8552053290655666e-17
-0.0048264936030188495
-0.0055916407156171005
-0.002487946779171677
0.0017214971352984927
0.00401894449450193
0.0032168702460568625
0.00042949542159489697
-0.002104546495827601
-0.002745400223403423
-0.0014427994862178664
0.0005432247064726811
0.0017541253044279616
0.001552926013520599
0.00037704416286308504
-0.0007859426904431289
-0.0011759502079744662
-0.0007109831128431466
0.00011496136226746119
0.0006866798723133689
0.0006903704508111592
0.00024085304162375923
-0.00028790165819271444
-0.000545318476367516
-0.0004053956662027768
